1.873846
1.872307
1.887692
1.927692
3.947692
3.712307
4.006154
3.352307
4.072307
3.664615
3.993846
3.995384
3.906153
4.383077
4.424615
4.538461
4.386153
4.0
3.738461
4.112307
4.475384
4.293846
4.098461
3.812307
3.353846
3.54923
3.626153
3.895384
2.895384
1.958461
1.936923
1.852307
0.4123076
0.136923
1.201538
1.678461
2.312307
2.481538
2.567692
2.835384
2.74923
3.043076
3.178461
3.203076
3.178461
3.212307
3.172307
3.18923
3.16
3.116923
3.096923
3.121538
3.126153
3.083076
2.995384
3.058461
2.964615
3.066153
3.147692
3.246153
3.410769
3.426153
3.390769
3.384615
3.384615
3.293846
3.347692
3.326153
3.315384
2.930769
2.973846
2.963076
2.726153
2.58923
2.578461
2.552307
2.563076
2.601538
2.763077
2.692307
2.667692
2.732307
2.683076
2.824615
3.058461
3.544615
1.032307
3.319999
3.46
3.673846
0.07846153
0.04
0.05692307
1.792307
1.950769
1.966153
1.855384
1.986153
1.82
1.884615
2.010769
1.992307
1.873846
1.88923
1.872307
1.870769
2.012307
